dFDFcorMAD=0.005426442250609398
phiPeakPIfit_rm2=30.00046438773611
dPhiPeakPIfit_rm2=0.006334760526705293
ampPeakPIfit=0.600222901861757
ampPeakPIfitEff=0.600222715897425
dAmpPeakPIfit=0.00031154598189991824
snrPIfit=1926.5949064769964
indxPeakPIfit=1274.2907212682283
peakFDFimagFit=-0.5438148321860143
peakFDFrealFit=-0.2483886777605202
polAngleFit_deg=122.72567021508686
dPolAngleFit_deg=0.01486970076596287
polAngle0Fit_deg=179.97858424386087
dPolAngle0Fit_deg=0.030198848961270962
Ifreq0=1.0000199453942924
polyCoeffs=0.0,0.0,0.0,0.005447296,-0.00030932276,1.0000199
polyCoefferr=0.0,0.0,0.0,0.010924621,0.0011972394,0.0004700292
polyOrd=2
IfitStat=1
IfitChiSqRed=1.073846771222437
fit_function=log
lam0Sq_m2=0.07141025451266692
freq0_Hz=1121864517.883916
fwhmRMSF=24.409034729003906
dQU=0.009988454170525074
dFDFth=0.00031154598189991824
units=Jy/beam
min_freq=700000000.0
max_freq=1800000000.0
N_channels=1024
median_channel_width=1075264.0
fracPol=0.6002107444574682
sigmaAddQ=0.04464514494227231
dSigmaAddMinusQ=0.03599354068849372
dSigmaAddPlusQ=0.13613072933610834
sigmaAddU=0.031491951514489545
dSigmaAddMinusU=0.022127779623762646
dSigmaAddPlusU=0.0971205800304665
sigmaAddC=0.03777883423838761
dSigmaAddMinusC=0.028414662347660713
dSigmaAddPlusC=0.10633798877145907
